MK_0_180_C0 = [  0.28223,  0.28613,  0.28613,  0.28125,  0.28125,  0.28613,  0.28613 ...
   0.28613,  0.28711,  0.28613,  0.28613,  0.28613,  0.28809,  0.28613 ...
   0.28613,  0.28613,  0.28711,  0.28613,  0.28613,  0.28711,  0.28809 ...
   0.28711,  0.28613,  0.28613,  0.28711,  0.28613,  0.28613,  0.28613 ...
   0.28809,  0.28711,  0.27930,  0.27930,  0.28027,  0.27930,  0.27930 ...
   0.27930,  0.28027,  0.27930,  0.27930,  0.27930,  0.28125,  0.27930 ...
   0.27930,  0.27930,  0.28027,  0.27930,  0.27930,  0.27930,  0.28125 ...
   0.27930,  0.27930,  0.27930,  0.28125,  0.27930,  0.27930,  0.27930 ...
   0.28027,  0.27930,  0.27930,  0.27930,  0.28027,  0.27930,  0.27930 ...
   0.27930,  0.28027,  0.27930,  0.27930,  0.27930,  0.28125,  0.27930 ...
   0.27930,  0.28418,  0.28027,  0.27930,  0.27930,  0.28223,  0.28711 ...
   0.28711,  0.28613,  0.28613,  0.28711,  0.28613,  0.28711,  0.28613 ...
   0.28809,  0.29395,  0.29395,  0.29395,  0.29395,  0.29395,  0.30078 ...
   0.30078,  0.30078,  0.30859,  0.31445,  0.31445,  0.31445,  0.31445 ...
   0.31445,  0.32227,  0.32910,  0.33691,  0.33691,  0.34277,  0.34277 ...
   0.34277,  0.34277,  0.34375,  0.35059,  0.35059,  0.35059,  0.35059 ...
   0.35742,  0.35059,  0.35742,  0.35059,  0.35059,  0.35059,  0.34375 ...
   0.34277,  0.34277,  0.34277,  0.33594,  0.33594,  0.32910,  0.31543 ...
   0.30762,  0.30078,  0.29590,  0.29395,  0.28711,  0.27246,  0.25879 ...
   0.23633,  0.22168,  0.21484,  0.21680,  0.21484,  0.20605,  0.19922 ...
   0.19336,  0.19043,  0.19922,  0.19922,  0.20801,  0.20605,  0.21094 ...
   0.22070,  0.24219,  0.25684,  0.27148,  0.27930,  0.28125,  0.28516 ...
   0.28613,  0.29785,  0.30762,  0.31445,  0.31836,  0.32129,  0.32129 ...
   0.32129,  0.32129,  0.32910,  0.32910,  0.33594,  0.33594,  0.33594 ...
   0.33594,  0.33691,  0.34375,  0.34375,  0.34375,  0.34375,  0.34375 ...
   0.35059,  0.35059,  0.35059,  0.35059,  0.35059,  0.34961,  0.35840 ...
   0.35840,  0.35742,  0.35742,  0.35742,  0.35742,  0.35742,  0.36426 ...
   0.36523,  0.36523,  0.36426,  0.36523,  0.36523,  0.36523,  0.36523 ...
   0.37109,  0.37207,  0.37207,  0.37207,  0.37207,  0.37305,  0.37891 ...
   0.37891,  0.37793,  0.37891,  0.37891,  0.37891,  0.37891,  0.37891 ...
   0.37891,  0.38574,  0.38574,  0.38574,  0.38574,  0.38574,  0.38574 ...
   0.38574,  0.38379,  0.37891,  0.37891,  0.37891,  0.37891,  0.37793 ...
   0.37109,  0.37402,  0.37109,  0.37207,  0.37109,  0.36523,  0.36426 ...
   0.36426,  0.36426,  0.36523,  0.36523,  0.35742,  0.35742,  0.35742 ...
   0.35742,  0.34961,  0.34961,  0.34961,  0.35059,  0.35059,  0.35059 ...
   0.34473,  0.34473,  0.34277,  0.34375,  0.34277,  0.34375,  0.34277 ...
   0.34277,  0.35059,  0.34961,  0.34961,  0.34961,  0.34961,  0.35059 ...
   0.35742,  0.36426,  0.37207,  0.37891,  0.38574,  0.38574,  0.38574 ...
   0.39258,  0.40039,  0.40625,  0.42188,  0.43066,  0.43066,  0.43750 ...
   0.43750,  0.44531,  0.44531,  0.45117,  0.45801,  0.45801,  0.45898 ...
   0.45801,  0.45898,  0.46582,  0.46484,  0.45801,  0.45215,  0.44434 ...
   0.43750,  0.43750,  0.43750,  0.42188,  0.40723,  0.38672,  0.35840 ...
   0.33691,  0.32129,  0.32129,  0.31445,  0.30469,  0.28613,  0.27441 ...
   0.25781,  0.24414,  0.24219,  0.23828,  0.23535,  0.23633,  0.22949 ...
   0.23145,  0.23047,  0.23633,  0.23535,  0.23828,  0.23535,  0.24316 ...
   0.25098,  0.25293,  0.25781,  0.26465,  0.26562,  0.27246,  0.27246 ...
   0.27246,  0.27246,  0.28027,  0.27930,  0.28613,  0.28613,  0.28711 ...
   0.28613,  0.28613,  0.28613,  0.28809,  0.29102,  0.29297,  0.29297 ...
   0.29395,  0.29297,  0.29395,  0.29395,  0.29395,  0.29395,  0.29395 ...
   0.29395,  0.29395,  0.29395,  0.29395,  0.29395,  0.29492,  0.29395 ...
   0.29395,  0.29395,  0.29395,  0.29297,  0.29395,  0.29395,  0.30078 ...
   0.29395,  0.29883,  0.29883,  0.29883,  0.30078,  0.30078,  0.30078 ...
   0.29785,  0.30078,  0.30078,  0.30078,  0.30078,  0.30078,  0.30176 ...
   0.30078,  0.30078,  0.30078,  0.30078,  0.30078,  0.30078,  0.30078 ...
   0.30078,  0.30078,  0.30078,  0.30078,  0.30078,  0.30078,  0.30078 ...
   0.30078,  0.30078,  0.30078,  0.30078,  0.30078,  0.30078,  0.30078 ...
   0.30078,  0.30078,  0.30078,  0.30078,  0.29785,  0.30078,  0.30078 ...
   0.29297,  0.29688,  0.29297,  0.29395,  0.29395,  0.29395,  0.29395 ...
   0.29395,  0.29297,  0.29395,  0.29395,  0.29395,  0.29395,  0.29395 ...
   0.29297,  0.29297,  0.29297,  0.29395,  0.29297,  0.29297,  0.29395 ...
   0.29395,  0.29395,  0.29395,  0.29395,  0.29395,  0.29395,  0.29395 ...
   0.29395,  0.29395,  0.29395,  0.29395,  0.29395,  0.29492,  0.29395 ...
   0.29395,  0.29395,  0.29395,  0.29395,  0.29395,  0.29395,  0.29395 ...
   0.29395,  0.29395,  0.29297,  0.29395,  0.29297,  0.28613,  0.29004 ...
   0.29199,  0.28613,  0.28613,  0.28711,  0.28906,  0.29297,  0.28711 ...
   0.28613,  0.28809,  0.28613,  0.28613,  0.28711,  0.28809,  0.28613 ...
   0.28613,  0.28613,  0.28711,  0.28613,  0.28613,  0.28613,  0.28711 ...
   0.28613,  0.28613,  0.28711,  0.28711,  0.28613,  0.28613,  0.28613 ...
   0.28809,  0.28613,  0.28613,  0.28613,  0.28809,  0.28613,  0.28613 ...
   0.28613,  0.28809,  0.28711,  0.28711,  0.29395,  0.29395,  0.29395 ...
   0.29395,  0.29395,  0.29492,  0.29395,  0.29395,  0.29395,  0.29883 ...
   0.29980,  0.30176,  0.30078,  0.30762,  0.30859,  0.31445,  0.31445 ...
   0.31445,  0.31543,  0.32031,  0.32227,  0.32812,  0.33594,  0.33594 ...
   0.34277,  0.34277,  0.34375,  0.34375,  0.35059,  0.35742,  0.36328 ...
   0.36523,  0.36523,  0.36426,  0.36523,  0.36426,  0.37207,  0.37207 ...
   0.37207,  0.36523,  0.36426,  0.36426,  0.36426,  0.36426,  0.35742 ...
   0.34961,  0.34375,  0.33691,  0.32910,  0.32910,  0.32324,  0.32129 ...
   0.30859,  0.30176,  0.28711,  0.27246,  0.26465,  0.25977,  0.25684 ...
   0.25000,  0.23633,  0.22363,  0.20898,  0.20605,  0.20703,  0.20996 ...
   0.20605,  0.20703,  0.20703,  0.21680,  0.22852,  0.23633,  0.24219 ...
   0.25098,  0.25000,  0.25684,  0.27148,  0.28711,  0.29395,  0.30078 ...
   0.30762,  0.30859,  0.30859,  0.31055,  0.31543,  0.32227,  0.32129 ...
   0.32227,  0.32227,  0.32910,  0.32910,  0.32910,  0.32910,  0.32910 ...
   0.33594,  0.33691,  0.33594,  0.33594,  0.33594,  0.33691,  0.33691 ...
   0.33887,  0.34375,  0.34277,  0.34277,  0.34277,  0.34277,  0.34277 ...
   0.34375,  0.34961,  0.35059,  0.35059,  0.35059,  0.35059,  0.35059 ...
   0.35059,  0.35742,  0.35742,  0.35742,  0.35742,  0.35742,  0.35742 ...
   0.35742,  0.35742,  0.36426,  0.36426,  0.36426,  0.36426,  0.36523 ...
   0.36426,  0.36426,  0.36426,  0.36426,  0.35742,  0.35840,  0.35742 ...
   0.35742,  0.35742,  0.35742,  0.35742,  0.35742,  0.35742,  0.35742 ...
   0.35742,  0.35742,  0.35742,  0.35742,  0.35742,  0.35742,  0.35742 ...
   0.35742,  0.35742,  0.35742,  0.35742,  0.35742,  0.35742,  0.36523 ...
   0.36426,  0.37207,  0.37207,  0.37793,  0.37793,  0.37793,  0.38379 ...
   0.38574,  0.39258,  0.39941,  0.40723,  0.41406,  0.41406,  0.41406 ...
   0.41406,  0.42090,  0.42969,  0.43750,  0.43750,  0.43750,  0.43750 ...
   0.43750,  0.43750,  0.43750,  0.43750,  0.43066,  0.42188,  0.41992 ...
   0.41406,  0.41406,  0.40723,  0.39355,  0.37207,  0.35059,  0.33691 ...
   0.32227,  0.31543,  0.31445,  0.30078,  0.28613,  0.26758,  0.25098 ...
   0.23340,  0.22168,  0.22363,  0.21484,  0.20801,  0.20020,  0.19336 ...
   0.19336,  0.20020,  0.20703,  0.20996,  0.21387,  0.21387,  0.22168 ...
   0.23047,  0.23535,  0.25000,  0.25684,  0.25879,  0.25781,  0.26465 ...
   0.27148,  0.28613,  0.30078,  0.30078,  0.30859,  0.30859,  0.30859 ...
   0.30859,  0.31543,  0.31445,  0.32227,  0.32227,  0.32227,  0.32227 ...
   0.32227,  0.32227,  0.32910,  0.33594,  0.34277,  0.34277,  0.34277 ...
   0.34277,  0.34375,  0.34375,  0.34375,  0.33691,  0.32910,  0.32910 ...
